{
  "advancedEditorSelectedIdentifier" : "ProjectBrowser",
  "openSceneRelativePaths" : [
    "Bird_With_Audio.usda",
    "DioramaAssembled.usda",
    "GeorgeWashington.usda"
  ],
  "recentIdentifiers" : {
    "5297D9AC-B326-49EE-AE9B-4BB66765CE10" : [

    ],
    "E1D42338-DCD0-472B-AB9F-A7FC2854182F" : [

    ],
    "E43673DD-301D-44ED-87D7-7499C07C50D2" : [

    ]
  },
  "sceneCameraHistory" : {
    "5297D9AC-B326-49EE-AE9B-4BB66765CE10" : [
      {
        "date" : 734155114.676366,
        "title" : "Untitled",
        "transform" : [
          0.9907205,
          0,
          0.13591531,
          0,
          0.06795763,
          0.8660254,
          -0.4953601,
          0,
          -0.11770611,
          0.49999994,
          0.85798913,
          0,
          -0.32426465,
          1.475429,
          2.3636456,
          1
        ]
      },
      {
        "date" : 734155100.944133,
        "title" : "Untitled",
        "transform" : [
          0.99999994,
          0,
          -0,
          0,
          -0,
          0.8660254,
          -0.49999988,
          0,
          0,
          0.49999988,
          0.8660254,
          0,
          -7.450581e-09,
          1.9186105,
          3.1024141,
          1
        ]
      },
      {
        "date" : 734154987.056762,
        "title" : "Untitled",
        "transform" : [
          0.99999994,
          0,
          0,
          0,
          0,
          0.8660255,
          -0.49999988,
          0,
          0,
          0.49999988,
          0.8660255,
          0,
          -0.082960725,
          0.20505193,
          0.38550842,
          1
        ]
      },
      {
        "date" : 734149155.68477,
        "title" : "Untitled",
        "transform" : [
          0.99999994,
          0,
          0,
          0,
          0,
          0.8660255,
          -0.49999988,
          0,
          0,
          0.49999988,
          0.8660255,
          0,
          -0.007421255,
          0.2027683,
          0.38682693,
          1
        ]
      },
      {
        "date" : 734149058.464732,
        "title" : "Untitled",
        "transform" : [
          0.99999994,
          0,
          -0,
          0,
          -0,
          0.8660255,
          -0.49999988,
          0,
          0,
          0.49999988,
          0.8660255,
          0,
          0,
          0.21819302,
          0.37792146,
          1
        ]
      }
    ],
    "E1D42338-DCD0-472B-AB9F-A7FC2854182F" : [
      {
        "date" : 734162164.263868,
        "title" : "Untitled",
        "transform" : [
          0.99358636,
          5.4758025e-06,
          -0.11307645,
          0,
          -0.03868146,
          0.9396865,
          -0.33984286,
          0,
          0.10625454,
          0.34203714,
          0.9336598,
          0,
          -0.7128661,
          2.4107735,
          4.091217,
          1
        ]
      },
      {
        "date" : 734162113.426384,
        "title" : "Untitled",
        "transform" : [
          0.99358636,
          5.4758025e-06,
          -0.11307645,
          0,
          -0.03868146,
          0.9396865,
          -0.33984286,
          0,
          0.10625454,
          0.34203714,
          0.9336598,
          0,
          -0.4955747,
          2.0853913,
          4.1856885,
          1
        ]
      },
      {
        "date" : 734162109.193734,
        "title" : "Untitled",
        "transform" : [
          0.99358636,
          5.4758025e-06,
          -0.11307645,
          0,
          -0.03868146,
          0.9396865,
          -0.33984286,
          0,
          0.10625454,
          0.34203714,
          0.9336598,
          0,
          -0.8248162,
          2.012087,
          4.250012,
          1
        ]
      },
      {
        "date" : 734162096.192484,
        "title" : "Untitled",
        "transform" : [
          0.99358636,
          5.4758025e-06,
          -0.11307645,
          0,
          -0.03868146,
          0.9396865,
          -0.33984286,
          0,
          0.10625454,
          0.34203714,
          0.9336598,
          0,
          1.7907054,
          1.9702187,
          3.9676912,
          1
        ]
      },
      {
        "date" : 734161193.804459,
        "title" : "Untitled",
        "transform" : [
          0.99358636,
          5.4758025e-06,
          -0.11307645,
          0,
          -0.03868146,
          0.9396865,
          -0.33984286,
          0,
          0.10625454,
          0.34203714,
          0.9336598,
          0,
          -0.7700613,
          2.64313,
          4.012603,
          1
        ]
      },
      {
        "date" : 734161165.525355,
        "title" : "Untitled",
        "transform" : [
          0.99358636,
          5.4758025e-06,
          -0.11307645,
          0,
          -0.03868146,
          0.9396865,
          -0.33984286,
          0,
          0.10625454,
          0.34203714,
          0.9336598,
          0,
          -0.77751505,
          2.8242435,
          3.9471018,
          1
        ]
      },
      {
        "date" : 734161158.222268,
        "title" : "Untitled",
        "transform" : [
          0.99358636,
          5.4758025e-06,
          -0.11307645,
          0,
          -0.03868146,
          0.9396865,
          -0.33984286,
          0,
          0.10625454,
          0.34203714,
          0.9336598,
          0,
          -0.7389865,
          2.3361485,
          4.121526,
          1
        ]
      },
      {
        "date" : 734161138.291572,
        "title" : "Untitled",
        "transform" : [
          0.99358636,
          5.4758025e-06,
          -0.11307645,
          0,
          -0.03868146,
          0.9396865,
          -0.33984286,
          0,
          0.10625454,
          0.34203714,
          0.9336598,
          0,
          0.5359945,
          2.5984416,
          3.8803382,
          1
        ]
      },
      {
        "date" : 734161120.594813,
        "title" : "Untitled",
        "transform" : [
          0.99358636,
          5.4758025e-06,
          -0.11307645,
          0,
          -0.03868146,
          0.9396865,
          -0.33984286,
          0,
          0.10625454,
          0.34203714,
          0.9336598,
          0,
          -0.51185703,
          2.48132,
          4.042495,
          1
        ]
      },
      {
        "date" : 734159440.545867,
        "title" : "Untitled",
        "transform" : [
          0.99358636,
          5.4758025e-06,
          -0.11307645,
          0,
          -0.03868146,
          0.9396865,
          -0.33984286,
          0,
          0.10625454,
          0.34203714,
          0.9336598,
          0,
          -0.72210485,
          2.828783,
          3.9391322,
          1
        ]
      }
    ],
    "E43673DD-301D-44ED-87D7-7499C07C50D2" : [
      {
        "date" : 734158536.91155,
        "title" : "Untitled",
        "transform" : [
          -0.8245423,
          1.5513482e-08,
          -0.56580037,
          0,
          -0.48951602,
          0.50147116,
          0.7133729,
          0,
          0.28373256,
          0.8651744,
          -0.4134842,
          0,
          0.29367402,
          0.6515045,
          -0.5078307,
          1
        ]
      },
      {
        "date" : 734158533.974852,
        "title" : "Untitled",
        "transform" : [
          -0.82587373,
          -9.1840846e-10,
          -0.5638552,
          0,
          -0.0882685,
          0.9876709,
          0.12928611,
          0,
          0.5569033,
          0.15654464,
          -0.8156914,
          0,
          0.5162316,
          0.19286132,
          -0.7403482,
          1
        ]
      },
      {
        "date" : 734158532.508864,
        "title" : "Untitled",
        "transform" : [
          -0.82587373,
          -9.1840846e-10,
          -0.5638552,
          0,
          -0.0882685,
          0.9876709,
          0.12928611,
          0,
          0.5569033,
          0.15654464,
          -0.8156914,
          0,
          0.0915367,
          0.07348025,
          -0.11830142,
          1
        ]
      },
      {
        "date" : 734158530.694845,
        "title" : "Untitled",
        "transform" : [
          -0.82587373,
          -9.1840846e-10,
          -0.5638552,
          0,
          -0.0882685,
          0.9876709,
          0.12928611,
          0,
          0.5569033,
          0.15654464,
          -0.8156914,
          0,
          0.0915367,
          0.07348025,
          -0.11830142,
          1
        ]
      },
      {
        "date" : 734158529.202929,
        "title" : "Untitled",
        "transform" : [
          -0.82587373,
          6.293467e-07,
          -0.56385505,
          0,
          -0.08269462,
          0.9891869,
          0.12112321,
          0,
          0.55775815,
          0.14666027,
          -0.81694347,
          0,
          0.0915367,
          0.07348025,
          -0.11830142,
          1
        ]
      },
      {
        "date" : 734158527.803077,
        "title" : "Untitled",
        "transform" : [
          -0.82587373,
          6.293467e-07,
          -0.56385505,
          0,
          -0.08269462,
          0.9891869,
          0.12112321,
          0,
          0.55775815,
          0.14666027,
          -0.81694347,
          0,
          0.16944592,
          0.08999652,
          -0.062144697,
          1
        ]
      },
      {
        "date" : 734158492.534767,
        "title" : "Untitled",
        "transform" : [
          -0.8315312,
          -7.0509936e-09,
          -0.5554779,
          0,
          -0.07597166,
          0.99060315,
          0.113726944,
          0,
          0.5502581,
          0.13676807,
          -0.8237174,
          0,
          0.08075714,
          0.01602745,
          -0.13597488,
          1
        ]
      },
      {
        "date" : 734158488.601334,
        "title" : "Untitled",
        "transform" : [
          -0.8315313,
          -1.9120598e-09,
          -0.555478,
          0,
          -0.07597167,
          0.99060315,
          0.11372695,
          0,
          0.55025816,
          0.13676809,
          -0.8237174,
          0,
          51.22328,
          17.01162,
          -50.51909,
          1
        ]
      },
      {
        "date" : 734158485.122858,
        "title" : "Untitled",
        "transform" : [
          -0.8315312,
          5.8259264e-09,
          -0.5554779,
          0,
          -0.07046536,
          0.9919212,
          0.105484225,
          0,
          0.55099034,
          0.12685539,
          -0.8248135,
          0,
          51.22328,
          17.01162,
          -50.51909,
          1
        ]
      },
      {
        "date" : 734157978.659608,
        "title" : "Untitled",
        "transform" : [
          -0.8315312,
          5.8259264e-09,
          -0.5554779,
          0,
          -0.07046536,
          0.9919212,
          0.105484225,
          0,
          0.55099034,
          0.12685539,
          -0.8248135,
          0,
          43.896137,
          32.710674,
          -53.729263,
          1
        ]
      }
    ]
  },
  "selectedSceneRelativePath" : "DioramaAssembled.usda"
}